10,252
10,16
10,18
10,108
10,166
10,210
10,128
10,156
11,16
11,22
11,14
11,4
11,20
11,8
9,6
9,4
8,4
8,13
8,7
8,6
43,3
43,2
43,1
43,0
42,3
42,2
42,1
42,0
41,9
41,8
41,7
41,6
41,5
41,4
41,3
41,2
41,1
41,0
37,4
37,3
37,2
37,1
35,3
35,2
35,1
31,4
31,3
31,1
30,3
30,1
20,3
20,2
20,1
19,3
19,2
19,1
12,3
12,2
12,1
11,29
11,27
11,21
11,17
11,13
11,11
11,9
11,7
11,3
11,2
18,1
11,1
10,267
18,3
10,261
10,233
10,183
10,169
10,29
14,1
10,19
10,3
14,3
10,2
13,1
10,1
13,3
9,7
9,5
9,3
9,2
9,1
8,16
8,15
8,14
8,10
8,5
8,3
8,2
8,1
3,3
3,2
